1.965690890013547971e+02 -8.438898000000000232e-02 -8.343165999999999083e-02 -8.226419000000000092e-02 -8.019210999999999701e-02 -7.888823999999999836e-02 -7.738942999999999517e-02 -7.536986999999999159e-02 -7.062012000000000844e-02 -7.068625000000000602e-02 -6.827893999999999630e-02 -6.511907999999999586e-02 -6.279914000000000329e-02 -5.916365999999999986e-02
1.904046492191510538e+02 -8.440290000000000292e-02 -8.306352999999999653e-02 -8.204561000000000492e-02 -7.929374999999999618e-02 -7.697650000000000325e-02 -7.680523000000000211e-02 -7.459210999999998926e-02 -7.007025000000000059e-02 -6.888848999999999667e-02 -6.777404000000000761e-02 -6.456829999999999514e-02 -6.101818000000000519e-02 -5.894520000000000315e-02
1.842326925874214965e+02 -8.339484999999999260e-02 -8.185632999999999104e-02 -7.994956999999999758e-02 -8.008962000000000026e-02 -7.650498999999999494e-02 -7.587188999999999739e-02 -7.398874999999999202e-02 -6.903212000000000237e-02 -6.913223999999999758e-02 -6.668357999999999230e-02 -6.507150999999999907e-02 -5.974907999999999608e-02 -5.806396000000000474e-02
1.780534627644450723e+02 -8.317819999999999381e-02 -8.150113000000000496e-02 -7.893190999999999402e-02 -7.927374000000000920e-02 -7.635904000000000302e-02 -7.547497000000000233e-02 -7.291891000000000345e-02 -7.022193999999999658e-02 -6.786098999999999604e-02 -6.484341000000000410e-02 -6.349369000000000540e-02 -5.955457000000000112e-02 -5.782538999999999735e-02
1.718672036956350553e+02 -8.257882999999999196e-02 -8.135624999999999107e-02 -7.861693999999999627e-02 -7.980784999999999962e-02 -7.471279000000000114e-02 -7.584612999999999772e-02 -7.216849000000000180e-02 -7.024821000000000537e-02 -6.752194999999999725e-02 -6.534067000000000347e-02 -6.159378000000000075e-02 -5.927861000000000241e-02 -5.638416000000000261e-02
1.656741596039069293e+02 -8.332646999999999970e-02 -8.103074999999999861e-02 -7.908338000000000867e-02 -7.883147000000000071e-02 -7.363609000000000127e-02 -7.439307000000000558e-02 -7.361022999999999872e-02 -6.911225999999999481e-02 -6.681389000000000078e-02 -6.457103999999999622e-02 -6.062204000000000204e-02 -5.709409000000000012e-02 -5.547447999999999962e-02
1.594745749800372607e+02 -8.260892000000000235e-02 -7.991130999999999929e-02 -7.847975000000000090e-02 -7.822298999999999225e-02 -7.426272999999999902e-02 -7.307758000000000309e-02 -7.264143000000000683e-02 -6.890480000000000216e-02 -6.646363000000000965e-02 -6.282722999999999780e-02 -6.118592000000000475e-02 -5.661644999999999872e-02 -5.483763000000000526e-02
1.532686945730115724e+02 -8.310555999999999499e-02 -8.143852000000000035e-02 -7.687014000000000347e-02 -7.749864000000000752e-02 -7.331261000000000028e-02 -7.302409999999999457e-02 -7.215952000000000477e-02 -6.883773999999999449e-02 -6.538253999999998900e-02 -6.137081999999999260e-02 -6.095003999999999700e-02 -5.563517999999999242e-02 -5.105029999999999291e-02
1.470567633803621561e+02 -8.256173999999999458e-02 -8.081621999999999417e-02 -7.751204999999999901e-02 -7.635445999999999900e-02 -7.368320000000000425e-02 -7.251488000000000378e-02 -7.166713999999999030e-02 -6.833867999999999887e-02 -6.398335000000000827e-02 -5.974037999999999571e-02 -6.063732000000000150e-02 -5.464961999999999598e-02 -5.062115000000000364e-02
1.408390266384960512e+02 -8.134582999999999398e-02 -8.144219999999999238e-02 -7.679032999999998998e-02 -7.586869999999999725e-02 -7.434388000000000107e-02 -7.172470000000000234e-02 -7.068044000000001104e-02 -6.753834000000000226e-02 -6.208987000000000533e-02 -6.082333000000000878e-02 -5.843066000000000232e-02 -5.509684000000000109e-02 -5.002714999999999940e-02
1.346157298130137008e+02 -8.095238000000000433e-02 -7.914214999999999445e-02 -7.731334000000000817e-02 -7.648566000000001086e-02 -7.303850000000000620e-02 -7.220827999999999969e-02 -7.029823999999999795e-02 -6.620270999999999795e-02 -6.293972000000000455e-02 -6.043484999999999829e-02 -5.740490000000000176e-02 -5.280009000000000091e-02 -4.889150999999999914e-02
1.283871185890169500e+02 -8.130664999999999420e-02 -7.978762999999999828e-02 -7.697165999999999730e-02 -7.542100999999999666e-02 -7.374926000000001092e-02 -7.136942000000000286e-02 -6.838974999999999915e-02 -6.545022999999999813e-02 -6.229608999999999841e-02 -6.123127999999999904e-02 -5.671337999999999380e-02 -5.025232999999999783e-02 -4.703753000000000101e-02
1.221534388614122548e+02 -8.127348000000000905e-02 -7.896084999999999909e-02 -7.753671000000000868e-02 -7.546758000000000632e-02 -7.282527999999999224e-02 -7.127464999999999495e-02 -6.684929000000000565e-02 -6.538672000000000928e-02 -6.160936999999999664e-02 -5.931190000000000073e-02 -5.621523999999999965e-02 -4.818400999999999934e-02 -4.776148999999999673e-02
1.159149367252014855e+02 -8.090268000000000459e-02 -7.834665000000000379e-02 -7.647350999999999455e-02 -7.582995000000000707e-02 -7.281066999999999401e-02 -7.051620999999999584e-02 -6.579628999999999339e-02 -6.430331999999999715e-02 -6.034485000000000543e-02 -5.685185999999999712e-02 -5.669952000000000325e-02 -4.858959000000000195e-02 -4.776865000000000278e-02
1.096718584657670021e+02 -8.096496999999999722e-02 -7.819583999999998869e-02 -7.557044999999999735e-02 -7.537926999999999822e-02 -7.257445999999999342e-02 -6.955659000000000147e-02 -6.479503000000000346e-02 -6.336325000000000984e-02 -6.069441999999999893e-02 -5.618503999999999859e-02 -5.780903999999999904e-02 -4.668007999999999880e-02 -4.707899999999999585e-02
1.034244505491485739e+02 -7.953995999999999289e-02 -7.814414000000000082e-02 -7.485168000000000377e-02 -7.503603999999999830e-02 -7.309227999999999559e-02 -6.948881999999999282e-02 -6.447653000000000412e-02 -6.276830999999999383e-02 -6.012558999999999959e-02 -5.389383000000000368e-02 -5.629274000000000777e-02 -4.514810999999999824e-02 -4.434098000000000206e-02
9.717295961231349111e+01 -7.968922999999999979e-02 -7.730230000000000434e-02 -7.462056000000000244e-02 -7.489514999999999367e-02 -7.197294999999999388e-02 -7.004818000000000155e-02 -6.473227000000000841e-02 -6.209726000000000135e-02 -5.835535000000000028e-02 -5.438284999999999647e-02 -5.581139000000000239e-02 -4.476932999999999607e-02 -4.100519999999999859e-02
9.091763245341967092e+01 -7.927087000000000716e-02 -7.598681000000000185e-02 -7.530125999999999487e-02 -7.434322000000000152e-02 -7.146928999999999088e-02 -6.946392999999999318e-02 -6.330768999999999980e-02 -6.301510000000000444e-02 -6.008186999999999556e-02 -5.240564999999999807e-02 -5.361848999999999782e-02 -4.510577999999999810e-02 -3.817088000000000425e-02
8.465871602207252522e+01 -7.859294000000000002e-02 -7.452411000000000452e-02 -7.547914999999999486e-02 -7.178245999999999238e-02 -7.147053000000000433e-02 -6.875486000000000097e-02 -6.022004999999999719e-02 -6.285878000000000299e-02 -6.022635999999999962e-02 -5.091361999999999971e-02 -5.115099000000000729e-02 -4.319242000000000220e-02 -3.626436999999999716e-02
7.839645740957620035e+01 -7.823931000000000635e-02 -7.305752000000000079e-02 -7.366388999999999576e-02 -7.080387999999999959e-02 -6.936795999999999240e-02 -6.851147999999999960e-02 -5.894013000000000030e-02 -5.987151000000000278e-02 -5.723591000000000095e-02 -4.821819000000000105e-02 -4.945280999999999982e-02 -4.229195000000000176e-02 -3.629003000000000090e-02
7.213110383917712909e+01 -7.851537999999999573e-02 -7.403917000000000137e-02 -7.224298000000001219e-02 -7.182193000000000604e-02 -6.957822999999999092e-02 -6.654760000000001230e-02 -5.866570000000000118e-02 -5.708878000000000563e-02 -5.499856000000000189e-02 -4.654003000000000306e-02 -4.749844000000000288e-02 -4.161846000000000295e-02 -3.697881000000000085e-02
6.586290265630672991e+01 -7.834230000000000360e-02 -7.510229999999999684e-02 -7.240850000000000064e-02 -7.086267000000000260e-02 -6.912799000000000027e-02 -6.479130999999999085e-02 -5.808948999999999363e-02 -5.719343999999999817e-02 -5.359618000000000715e-02 -4.636796999999999447e-02 -4.550241999999999482e-02 -3.957543000000000172e-02 -3.593568999999999930e-02
5.959210131881481232e+01 -7.674896999999999969e-02 -7.437174000000000562e-02 -7.248266000000000431e-02 -7.081590000000000107e-02 -6.771175999999999584e-02 -6.393936000000000064e-02 -5.769283999999999524e-02 -5.677988999999999953e-02 -5.134567000000000297e-02 -4.674762999999999835e-02 -4.395541000000000031e-02 -3.733216000000000312e-02 -3.315128999999999992e-02
5.331894738720084348e+01 -7.658834999999999948e-02 -7.554104999999999848e-02 -7.232900000000000440e-02 -6.945932999999999968e-02 -6.683092000000000199e-02 -6.369204000000000532e-02 -5.698618000000000433e-02 -5.630697999999999259e-02 -5.063995000000000302e-02 -4.507645999999999875e-02 -4.332207999999999892e-02 -3.458663000000000015e-02 -3.115910000000000207e-02
4.704368851484069580e+01 -7.843761999999999956e-02 -7.421400000000000219e-02 -7.166423999999999017e-02 -6.793620000000000214e-02 -6.489999999999999936e-02 -6.227216000000000695e-02 -5.792474000000000234e-02 -5.448717000000000144e-02 -4.871422000000000252e-02 -4.165121000000000101e-02 -4.109962000000000337e-02 -3.155982999999999705e-02 -3.033388000000000057e-02
4.076657243820967835e+01 -7.737325999999999926e-02 -7.375879000000000463e-02 -7.065505999999999176e-02 -6.684286999999999868e-02 -6.583286000000000693e-02 -6.001114999999999922e-02 -5.718899999999999678e-02 -5.301873000000000002e-02 -4.733998000000000372e-02 -3.964033000000000140e-02 -4.005973000000000173e-02 -2.972071999999999908e-02 -2.847678000000000362e-02
3.448784696710234954e+01 -7.592991999999999797e-02 -7.257458999999999438e-02 -7.055042999999999731e-02 -6.538091000000000041e-02 -6.360847000000000029e-02 -6.026212999999999709e-02 -5.633251000000000230e-02 -5.188916000000000361e-02 -4.479518000000000388e-02 -3.752011000000000235e-02 -3.591322000000000264e-02 -2.708171000000000189e-02 -2.584794999999999801e-02
2.820775997484986064e+01 -7.625516000000000238e-02 -7.251398000000000565e-02 -7.004227999999999843e-02 -6.457535000000000358e-02 -6.227901999999999744e-02 -5.922132000000000784e-02 -5.669390000000000540e-02 -4.888344000000000023e-02 -4.183912000000000048e-02 -3.576297000000000503e-02 -3.278953999999999896e-02 -2.595855000000000384e-02 -2.399313999999999961e-02
2.192655938853254227e+01 -7.555154999999999510e-02 -7.212230999999999503e-02 -7.026286000000001031e-02 -6.316908000000000245e-02 -6.042550000000000004e-02 -5.796120000000000438e-02 -5.489789999999999948e-02 -4.754266000000000048e-02 -4.091312999999999894e-02 -3.424701000000000134e-02 -3.209068000000000337e-02 -2.609285000000000077e-02 -2.219368000000000035e-02
1.564449317919484272e+01 -7.412753999999999177e-02 -7.227237000000000244e-02 -6.804996000000000655e-02 -6.346886999999999668e-02 -5.969855000000000300e-02 -5.819332000000000671e-02 -5.344981000000000038e-02 -4.682986999999999567e-02 -3.921260000000000023e-02 -3.496074999999999877e-02 -2.896227999999999997e-02 -2.459569999999999812e-02 -2.019096999999999906e-02
9.361809352054095257e+00 -7.367956999999999979e-02 -7.011172999999999711e-02 -6.537762999999999214e-02 -6.313765999999999823e-02 -5.924712000000000034e-02 -5.689970999999999224e-02 -5.093588000000000282e-02 -4.518317999999999640e-02 -3.635203000000000045e-02 -3.210095999999999783e-02 -2.700421000000000071e-02 -2.254821999999999729e-02 -1.870402999999999996e-02
3.078755936710111385e+00 -7.261146999999999740e-02 -7.047897999999999663e-02 -6.458121999999999474e-02 -6.206669000000000769e-02 -5.676155000000000089e-02 -5.357307000000000041e-02 -4.656626999999999295e-02 -4.408742000000000216e-02 -3.627277999999999752e-02 -3.041396000000000377e-02 -2.433765000000000234e-02 -1.913532000000000080e-02 -1.615240999999999899e-02
-3.204419022646578075e+00 -7.208103999999999900e-02 -6.942344000000000293e-02 -6.442570000000000241e-02 -6.191591999999999929e-02 -5.504549999999999721e-02 -4.948437999999999448e-02 -4.587041000000000035e-02 -4.283237000000000155e-02 -3.466502999999999945e-02 -2.778249000000000343e-02 -2.075254999999999808e-02 -1.724281000000000078e-02 -1.157824999999999827e-02
-9.487467477027097473e+00 -7.220308000000000281e-02 -6.944160000000000610e-02 -6.488354999999999817e-02 -6.149641000000000135e-02 -5.327220000000000566e-02 -4.874959999999999710e-02 -4.438514000000000348e-02 -4.063079999999999470e-02 -3.089929000000000286e-02 -2.550567000000000112e-02 -1.733577000000000035e-02 -1.641582999999999931e-02 -8.463670000000001262e-03
-1.577014138243677088e+01 -7.324021999999999477e-02 -6.906220999999999888e-02 -6.478000999999999898e-02 -6.062753000000000586e-02 -5.301111000000000018e-02 -4.675751999999999686e-02 -4.289221000000000006e-02 -3.596317999999999737e-02 -2.910675000000000068e-02 -2.299028999999999656e-02 -1.324891999999999910e-02 -1.235247999999999902e-02 -5.810370000000000465e-03
-2.205219270966747303e+01 -7.159519000000000299e-02 -6.906645999999999619e-02 -6.303189000000000708e-02 -6.127450000000000951e-02 -5.029539000000000232e-02 -4.221830999999999501e-02 -4.027826999999999796e-02 -3.290567999999999965e-02 -2.626182999999999990e-02 -2.036488000000000187e-02 -1.017186999999999952e-02 -8.822169999999998971e-03 -3.005429999999999907e-03
-2.833337345408895658e+01 -7.095650000000000568e-02 -6.916993999999999920e-02 -6.066132000000000468e-02 -6.071667999999999510e-02 -4.848307000000000311e-02 -4.023967999999999989e-02 -3.819038999999999767e-02 -3.003663000000000166e-02 -2.341524000000000036e-02 -1.805810999999999875e-02 -7.880879999999999830e-03 -6.205449999999999508e-03 7.595399999999999548e-04
-3.461343564544142026e+01 -6.958912999999999904e-02 -6.820950000000000624e-02 -5.870622999999999814e-02 -5.758333999999999675e-02 -4.782385999999999582e-02 -3.731440000000000451e-02 -3.645323999999999787e-02 -2.794375000000000331e-02 -1.952167999999999959e-02 -1.380669999999999988e-02 -3.898360000000000020e-03 -4.264979999999999813e-03 3.653959999999999500e-03
-4.089213135762229712e+01 -6.792607999999999979e-02 -6.674240000000000728e-02 -5.843659000000000353e-02 -5.490520000000000123e-02 -4.655749000000000692e-02 -3.409521999999999553e-02 -3.217720000000000302e-02 -2.349788000000000224e-02 -1.568376999999999966e-02 -9.955359999999999904e-03 -1.987889999999999970e-03 -2.619390000000000086e-03 4.907739999999999846e-03
-4.716921271847571973e+01 -6.638225999999999849e-02 -6.473283999999999982e-02 -5.693462999999999996e-02 -5.056002000000000413e-02 -4.364497999999999989e-02 -3.219837999999999867e-02 -2.795485999999999804e-02 -1.924247000000000110e-02 -1.059599999999999952e-02 -6.591519999999999151e-03 1.214030000000000057e-03 -7.187000000000000680e-04 7.493879999999999639e-03
